Discrete Lottery Optimization Results
Generated: 2025-06-28 10:31:25
Solutions: 570
Parameters: α=0.88, λ=2.25, γ=0.61

 Sol  b11  b12  c21  c22  c31  c32  c33  c34       p1       p2       p3  z1  z2  z3  z4      E[Z]  Violation
   1    5   27   -4   -5    4   -1   44  -38 0.600000 0.100000 0.200000   5   0  66 -16  0.460000   1.211600
   2    4   26   -3  -27    3   -1   29  -44 0.600000 0.300000 0.600000   4   0  28 -45  0.240000   1.292283
   3    4   15    7  -28    0  -11   42  -30 0.300000 0.100000 0.600000  11   0  29 -43  0.470000   1.387517
   4    4   40   -4   -3    4    0    3  -43 0.700000 0.100000 0.100000   4   0  40  -6 -0.140000   1.625946
   5    2   26    7   -6    6   -9   47  -38 0.700000 0.100000 0.200000  15   0  67 -18  0.750000   1.762782
   6    5   -2    4   -8    5   -9   11   -3 0.900000 0.100000 0.200000  14   0   1 -13  0.240000   1.827946
   7    2   13    9   -4    5  -11    8  -44 0.900000 0.100000 0.500000  16   0  17 -35  0.540000   1.835305
   8    5   27   -4   -8    5   -1   47  -39 0.800000 0.300000 0.200000   6   0  66 -20  0.880000   1.860439
   9    5   13   -4  -28    4   -1   48  -26 0.900000 0.300000 0.500000   5   0  33 -41  0.950000   1.902500
  10   13   15   -2  -24    6  -11   49  -32 0.600000 0.100000 0.500000  17   0  40 -41  0.820000   1.960983